index,0,1,2
26457,0.502,0.09200000000000001,0.406
26458,0.31599999999999995,0.278,0.40599999999999997
26459,0.132,0.15799999999999997,0.71
26460,0.186,0.14,0.674
26461,0.022,0.032,0.9460000000000001
26462,0.014000000000000002,0.008,0.978
26463,0.036,0.178,0.786
26464,0.022,0.04,0.9380000000000001
26465,0.054000000000000006,0.536,0.41
26466,0.033999999999999996,0.514,0.45200000000000007
26467,0.024,0.046,0.93
26468,0.11800000000000002,0.13199999999999998,0.7499999999999999
26469,0.132,0.13999999999999999,0.728
26470,0.11600000000000002,0.126,0.758
26471,0.078,0.164,0.758
26472,0.378,0.43200000000000005,0.19
26473,0.138,0.144,0.718
26474,0.10400000000000001,0.20599999999999996,0.6900000000000001
26475,0.124,0.198,0.678
26476,0.078,0.33,0.592
26477,0.06799999999999999,0.13799999999999998,0.7939999999999999
26478,0.042,0.048,0.9099999999999999
26479,0.09200000000000001,0.17,0.7380000000000001
26480,0.06799999999999999,0.13999999999999999,0.792
26481,0.154,0.038,0.808
26482,0.12600000000000003,0.20800000000000002,0.666
26483,0.01,0.082,0.9079999999999998
26484,0.042,0.136,0.8219999999999998
26485,0.086,0.13,0.7839999999999999
26486,0.142,0.092,0.766
26487,0.13799999999999998,0.11800000000000002,0.744
26488,0.16999999999999998,0.434,0.396
26489,0.1,0.48200000000000004,0.418
26490,0.074,0.4739999999999999,0.45199999999999996
26491,0.124,0.33399999999999996,0.542
26492,0.07,0.28,0.65
26493,0.05399999999999999,0.326,0.62
26494,0.03,0.25400000000000006,0.716
26495,0.04,0.12200000000000003,0.8380000000000001
26496,0.048,0.13399999999999998,0.818
26497,0.1,0.25200000000000006,0.6479999999999999
26498,0.068,0.09999999999999999,0.8320000000000001
26499,0.066,0.044000000000000004,0.89
26500,0.128,0.182,0.69
26501,0.098,0.15000000000000002,0.752
26502,0.14200000000000002,0.16199999999999998,0.696
26503,0.124,0.08,0.796
26504,0.08600000000000001,0.364,0.55
26505,0.1,0.502,0.39799999999999996
26506,0.05,0.248,0.702
26507,0.036000000000000004,0.096,0.868
26508,0.062,0.1,0.8379999999999999
26509,0.076,0.10400000000000001,0.82
26510,0.062,0.63,0.308
26511,0.418,0.21799999999999997,0.36400000000000005
26512,0.16999999999999998,0.128,0.702
26513,0.13400000000000004,0.124,0.742
26514,0.08199999999999999,0.026000000000000002,0.892
26515,0.03,0.086,0.884
26516,0.052000000000000005,0.046,0.9019999999999999
26517,0.038,0.11599999999999999,0.8460000000000001
26518,0.03,0.07999999999999999,0.8899999999999999
26519,0.10200000000000001,0.184,0.7140000000000001
26520,0.11000000000000001,0.3,0.5900000000000001
26521,0.094,0.16599999999999998,0.74
26522,0.014000000000000002,0.4119999999999999,0.5740000000000001
26523,0.026000000000000002,0.046,0.9279999999999999
26524,0.312,0.126,0.562
26525,0.038,0.046,0.916
26526,0.092,0.286,0.622
26527,0.128,0.20800000000000002,0.6639999999999999
26528,0.092,0.5279999999999999,0.38
26529,0.08399999999999999,0.292,0.624
26530,0.414,0.18200000000000002,0.404
26531,0.30600000000000005,0.10200000000000001,0.592
26532,0.02,0.184,0.7959999999999999
26533,0.098,0.33999999999999997,0.562
26534,0.062,0.1,0.8380000000000001
26535,0.126,0.148,0.726
26536,0.064,0.10400000000000001,0.8320000000000001
26537,0.052000000000000005,0.066,0.882
26538,0.052000000000000005,0.054000000000000006,0.8939999999999999
26539,0.07,0.078,0.8520000000000001
26540,0.062,0.22599999999999998,0.712
26541,0.12200000000000003,0.256,0.622
26542,0.10600000000000001,0.20400000000000001,0.6900000000000001
26543,0.03,0.166,0.8039999999999999
26544,0.042,0.462,0.4960000000000001
26545,0.1,0.442,0.458
26546,0.11199999999999999,0.388,0.5
26547,0.096,0.434,0.4699999999999999
26548,0.08,0.256,0.6639999999999999
26549,0.03,0.346,0.624
26550,0.10600000000000001,0.20800000000000002,0.6859999999999999
26551,0.066,0.306,0.6279999999999999
26552,0.11400000000000002,0.3,0.586
26553,0.068,0.38,0.552
26554,0.10400000000000001,0.288,0.608
26555,0.076,0.166,0.7580000000000001
26556,0.066,0.11600000000000002,0.818
26557,0.038,0.344,0.618
26558,0.174,0.16,0.666
26559,0.10600000000000001,0.30999999999999994,0.584
26560,0.146,0.296,0.558
26561,0.11200000000000002,0.16999999999999998,0.7180000000000001
26562,0.041999999999999996,0.366,0.592
26563,0.05800000000000001,0.384,0.558
26564,0.092,0.196,0.7120000000000001
26565,0.27,0.11599999999999999,0.6140000000000001
26566,0.057999999999999996,0.342,0.6
26567,0.072,0.372,0.5559999999999999
26568,0.092,0.438,0.47000000000000003
26569,0.05600000000000001,0.6579999999999999,0.286
26570,0.052000000000000005,0.616,0.332
26571,0.044,0.20600000000000002,0.75
26572,0.1,0.148,0.752
26573,0.034,0.11399999999999999,0.852
26574,0.052000000000000005,0.122,0.826
26575,0.25200000000000006,0.14,0.608
26576,0.146,0.11600000000000002,0.7380000000000001
26577,0.388,0.13799999999999998,0.47400000000000003
26578,0.032,0.154,0.8140000000000001
26579,0.16599999999999998,0.20800000000000002,0.626
26580,0.10199999999999998,0.20400000000000001,0.6940000000000001
26581,0.068,0.29,0.6420000000000001
26582,0.06999999999999999,0.434,0.496
26583,0.16599999999999998,0.11599999999999999,0.718
26584,0.05600000000000001,0.05199999999999999,0.892
26585,0.438,0.03799999999999999,0.5239999999999999
26586,0.10599999999999998,0.158,0.736
26587,0.06000000000000001,0.14400000000000002,0.7959999999999999
26588,0.04,0.13999999999999999,0.82
26589,0.084,0.27999999999999997,0.636
26590,0.088,0.3,0.6119999999999999
26591,0.06000000000000001,0.24,0.7
26592,0.039999999999999994,0.10800000000000001,0.852
26593,0.10200000000000001,0.29,0.608
26594,0.132,0.252,0.616
26595,0.036,0.026000000000000002,0.938
26596,0.052000000000000005,0.31799999999999995,0.63
26597,0.062,0.15,0.788
26598,0.266,0.188,0.546
26599,0.23399999999999999,0.11399999999999999,0.652
26600,0.039999999999999994,0.088,0.8720000000000001
26601,0.054000000000000006,0.08399999999999999,0.8619999999999999
26602,0.10400000000000001,0.12000000000000002,0.7759999999999999
26603,0.066,0.152,0.782
26604,0.032,0.124,0.844
26605,0.23399999999999999,0.09,0.6759999999999999
26606,0.48600000000000004,0.10600000000000001,0.40800000000000003
26607,0.5740000000000001,0.1,0.32599999999999996
26608,0.538,0.11000000000000001,0.352
26609,0.158,0.074,0.768
26610,0.126,0.05600000000000001,0.818
26611,0.032,0.192,0.776
26612,0.028000000000000004,0.5559999999999999,0.41600000000000004
26613,0.4720000000000001,0.13799999999999998,0.39
26614,0.048,0.20400000000000001,0.748
26615,0.072,0.11400000000000002,0.8140000000000001
26616,0.028000000000000004,0.34800000000000003,0.6239999999999999
26617,0.036,0.24,0.724
26618,0.018000000000000002,0.17200000000000001,0.8099999999999999
26619,0.066,0.092,0.842
26620,0.198,0.246,0.556
26621,0.094,0.304,0.602
26622,0.06399999999999999,0.126,0.8100000000000002
26623,0.20600000000000002,0.13999999999999999,0.654
26624,0.1,0.064,0.836
26625,0.072,0.048,0.8799999999999999
26626,0.084,0.11199999999999999,0.8039999999999999
26627,0.044,0.1,0.8560000000000001
26628,0.054000000000000006,0.06999999999999999,0.876
26629,0.07400000000000001,0.05800000000000001,0.868
26630,0.072,0.172,0.756
26631,0.082,0.384,0.534
26632,0.064,0.628,0.30800000000000005
26633,0.1,0.19,0.71
26634,0.08399999999999999,0.22400000000000003,0.692
26635,0.088,0.168,0.744
26636,0.118,0.14200000000000002,0.74
26637,0.18,0.122,0.6980000000000001
26638,0.082,0.122,0.796
26639,0.07200000000000001,0.322,0.606
26640,0.074,0.28200000000000003,0.644
26641,0.08,0.34199999999999997,0.578
26642,0.1,0.302,0.5980000000000001
26643,0.05600000000000001,0.36,0.5840000000000001
26644,0.066,0.10200000000000001,0.8320000000000001
26645,0.06000000000000001,0.10600000000000001,0.834
26646,0.118,0.066,0.8160000000000001
26647,0.07999999999999999,0.05600000000000001,0.8639999999999999
26648,0.13399999999999998,0.13999999999999999,0.726
26649,0.03,0.146,0.8240000000000001
26650,0.36,0.20600000000000002,0.43400000000000005
26651,0.08,0.28400000000000003,0.6359999999999999
26652,0.046,0.118,0.836
26653,0.118,0.17800000000000002,0.704
26654,0.11800000000000002,0.10800000000000001,0.7740000000000001
26655,0.06000000000000001,0.10200000000000001,0.8380000000000001
26656,0.024,0.068,0.908
26657,0.094,0.10600000000000001,0.7999999999999999
26658,0.096,0.066,0.8380000000000001
26659,0.094,0.172,0.734
26660,0.124,0.146,0.73
26661,0.12200000000000003,0.122,0.756
26662,0.05600000000000001,0.292,0.652
26663,0.038,0.47000000000000003,0.492
26664,0.08,0.194,0.7260000000000001
26665,0.08399999999999999,0.1,0.8160000000000001
26666,0.057999999999999996,0.09,0.852
26667,0.048,0.074,0.8780000000000001
26668,0.126,0.12600000000000003,0.748
26669,0.076,0.15,0.774
26670,0.338,0.21400000000000002,0.44800000000000006
26671,0.182,0.188,0.63
26672,0.23400000000000004,0.096,0.67
26673,0.028000000000000004,0.292,0.68
26674,0.13399999999999998,0.194,0.6719999999999999
26675,0.052000000000000005,0.194,0.7539999999999999
26676,0.066,0.516,0.41800000000000004
26677,0.068,0.458,0.47400000000000003
26678,0.096,0.15,0.7539999999999999
26679,0.042,0.21000000000000002,0.748
26680,0.122,0.17600000000000002,0.7020000000000001
26681,0.162,0.168,0.67
26682,0.20400000000000001,0.128,0.6679999999999999
26683,0.05,0.146,0.8039999999999999
26684,0.022,0.154,0.8240000000000001
26685,0.034,0.194,0.772
26686,0.024,0.21400000000000002,0.762
26687,0.052000000000000005,0.45199999999999996,0.496
26688,0.07999999999999999,0.10800000000000001,0.8119999999999999
26689,0.098,0.146,0.756
26690,0.22799999999999998,0.366,0.40599999999999997
26691,0.19,0.242,0.5680000000000001
26692,0.296,0.364,0.33999999999999997
26693,0.27,0.244,0.48600000000000004
26694,0.202,0.236,0.562
26695,0.10400000000000001,0.194,0.7020000000000001
26696,0.142,0.128,0.73
26697,0.098,0.194,0.708
26698,0.14,0.2,0.66
26699,0.11199999999999999,0.29000000000000004,0.5980000000000001
26700,0.11800000000000002,0.134,0.748
26701,0.046,0.176,0.7780000000000001
26702,0.4620000000000001,0.128,0.41
26703,0.3,0.16799999999999998,0.5319999999999999
26704,0.074,0.11400000000000002,0.8119999999999999
26705,0.07400000000000001,0.12999999999999998,0.796
26706,0.092,0.392,0.516
26707,0.088,0.174,0.7380000000000001
26708,0.06999999999999999,0.14200000000000002,0.788
26709,0.138,0.374,0.488
26710,0.076,0.142,0.7819999999999999
26711,0.1,0.09000000000000001,0.8100000000000002
26712,0.08199999999999999,0.23600000000000004,0.682
26713,0.06600000000000002,0.272,0.662
26714,0.126,0.11200000000000002,0.762
26715,0.06400000000000002,0.192,0.744
26716,0.05,0.194,0.756
26717,0.05,0.178,0.772
26718,0.036,0.10200000000000001,0.8619999999999999
26719,0.057999999999999996,0.45199999999999996,0.49000000000000005
26720,0.1,0.186,0.7139999999999999
26721,0.124,0.142,0.7340000000000001
26722,0.094,0.17,0.736
26723,0.08,0.276,0.6439999999999999
26724,0.064,0.278,0.658
26725,0.06,0.24,0.7
26726,0.146,0.268,0.586
26727,0.078,0.30200000000000005,0.6199999999999999
26728,0.062,0.254,0.6839999999999999
26729,0.06000000000000001,0.284,0.6559999999999999
26730,0.06000000000000001,0.508,0.43200000000000005
26731,0.07799999999999999,0.354,0.568
26732,0.096,0.19,0.714
26733,0.06999999999999999,0.196,0.7340000000000001
26734,0.09,0.302,0.6079999999999999
26735,0.13599999999999998,0.096,0.768
26736,0.066,0.144,0.79
26737,0.05800000000000001,0.36,0.5820000000000001
26738,0.05600000000000001,0.28400000000000003,0.66
26739,0.066,0.278,0.6559999999999999
26740,0.086,0.466,0.44800000000000006
26741,0.08200000000000002,0.46799999999999997,0.45
26742,0.10200000000000001,0.47800000000000004,0.42000000000000004
26743,0.046,0.42799999999999994,0.526
26744,0.43200000000000005,0.20600000000000002,0.362
26745,0.22400000000000003,0.22400000000000003,0.5519999999999999
26746,0.142,0.236,0.6220000000000001
26747,0.08399999999999999,0.238,0.6780000000000002
26748,0.076,0.16799999999999998,0.756
26749,0.046,0.172,0.782
26750,0.06599999999999999,0.17,0.764
26751,0.094,0.286,0.6199999999999999
26752,0.092,0.10400000000000001,0.8039999999999999
26753,0.072,0.126,0.8019999999999999
26754,0.033999999999999996,0.10400000000000001,0.8620000000000001
26755,0.048,0.22200000000000003,0.73
26756,0.041999999999999996,0.07999999999999999,0.8779999999999999
26757,0.11000000000000001,0.098,0.792
26758,0.11600000000000002,0.14999999999999997,0.734
26759,0.11400000000000002,0.392,0.49399999999999994
26760,0.094,0.382,0.524
26761,0.082,0.132,0.7860000000000001
26762,0.07,0.146,0.784
26763,0.1,0.3,0.6000000000000001
26764,0.33399999999999996,0.20600000000000002,0.4600000000000001
26765,0.34,0.142,0.518
26766,0.038,0.348,0.6140000000000001
26767,0.098,0.25599999999999995,0.646
26768,0.054000000000000006,0.266,0.68
26769,0.10800000000000001,0.302,0.59
26770,0.076,0.30999999999999994,0.614
26771,0.14400000000000002,0.40599999999999997,0.45
26772,0.08200000000000002,0.14600000000000002,0.772
26773,0.08,0.15999999999999998,0.76
26774,0.041999999999999996,0.158,0.8
26775,0.030000000000000006,0.22799999999999998,0.742
26776,0.118,0.15000000000000002,0.732
26777,0.07,0.11399999999999999,0.8160000000000001
26778,0.514,0.098,0.388
26779,0.134,0.42000000000000004,0.446
26780,0.1,0.16599999999999998,0.7340000000000001
26781,0.10200000000000001,0.202,0.696
26782,0.08399999999999999,0.368,0.548
26783,0.1,0.388,0.5119999999999999
26784,0.24000000000000005,0.092,0.6679999999999999
26785,0.188,0.12600000000000003,0.686
26786,0.057999999999999996,0.08399999999999999,0.858
26787,0.024,0.182,0.7939999999999999
26788,0.032,0.45999999999999996,0.508
26789,0.154,0.262,0.584
26790,0.096,0.21400000000000002,0.6900000000000001
26791,0.2,0.11000000000000001,0.69
26792,0.13199999999999998,0.17,0.698
26793,0.078,0.14,0.7819999999999999
26794,0.086,0.23400000000000004,0.6799999999999999
26795,0.062,0.268,0.67
26796,0.02,0.05,0.9299999999999999
26797,0.21800000000000003,0.21200000000000002,0.5700000000000001
26798,0.088,0.2,0.712
26799,0.162,0.198,0.64
26800,0.2,0.174,0.626
26801,0.184,0.08399999999999999,0.732
26802,0.06399999999999999,0.11200000000000002,0.8240000000000001
26803,0.13999999999999999,0.26,0.6
26804,0.092,0.246,0.662
26805,0.06599999999999999,0.32,0.614
26806,0.064,0.258,0.678
26807,0.12000000000000002,0.34199999999999997,0.538
26808,0.098,0.446,0.45600000000000007
26809,0.12,0.446,0.434
26810,0.136,0.4,0.46399999999999997
26811,0.152,0.17200000000000001,0.676
26812,0.078,0.33,0.592
26813,0.03,0.404,0.566
26814,0.088,0.274,0.638
26815,0.09,0.27,0.64
26816,0.07200000000000001,0.3,0.628
26817,0.032,0.7739999999999999,0.194
26818,0.036,0.728,0.23600000000000004
26819,0.04,0.72,0.24
26820,0.030000000000000006,0.746,0.22400000000000003
26821,0.082,0.542,0.376
26822,0.22800000000000004,0.10800000000000001,0.664
26823,0.29800000000000004,0.10599999999999998,0.596
26824,0.14600000000000002,0.2,0.654
26825,0.144,0.386,0.47000000000000003
26826,0.15800000000000003,0.23399999999999999,0.608
26827,0.1,0.44400000000000006,0.45600000000000007
26828,0.064,0.088,0.8480000000000001
26829,0.054000000000000006,0.118,0.828
26830,0.05800000000000001,0.078,0.8640000000000001
26831,0.098,0.07799999999999999,0.8240000000000001
26832,0.12200000000000003,0.3,0.578
26833,0.08000000000000002,0.378,0.542
26834,0.15999999999999998,0.186,0.6540000000000001
26835,0.30599999999999994,0.194,0.5
26836,0.33399999999999996,0.11200000000000002,0.554
26837,0.14,0.11599999999999999,0.744
26838,0.05,0.098,0.852
26839,0.09000000000000001,0.454,0.45599999999999996
26840,0.122,0.41600000000000004,0.462
26841,0.35,0.178,0.472
26842,0.08199999999999999,0.31,0.608
26843,0.158,0.414,0.42799999999999994
26844,0.378,0.154,0.46799999999999997
26845,0.064,0.188,0.748
26846,0.05600000000000001,0.10400000000000001,0.8400000000000001
26847,0.052000000000000005,0.38,0.5680000000000001
26848,0.186,0.162,0.6519999999999999
26849,0.10600000000000001,0.122,0.772
26850,0.186,0.236,0.5780000000000001
26851,0.124,0.262,0.614
26852,0.292,0.152,0.5559999999999999
26853,0.13599999999999998,0.194,0.67
26854,0.146,0.16599999999999998,0.6880000000000001
26855,0.028000000000000004,0.20999999999999996,0.762
26856,0.134,0.41,0.45599999999999996
26857,0.092,0.21999999999999997,0.688
26858,0.064,0.328,0.6079999999999999
26859,0.076,0.274,0.6500000000000001
26860,0.14599999999999996,0.62,0.23399999999999999
26861,0.078,0.6419999999999999,0.27999999999999997
26862,0.048,0.6199999999999999,0.33199999999999996
26863,0.078,0.522,0.4
26864,0.068,0.44399999999999995,0.488
26865,0.06000000000000001,0.302,0.638
26866,0.078,0.24400000000000005,0.678
26867,0.052000000000000005,0.43200000000000005,0.516
26868,0.05600000000000001,0.2,0.744
26869,0.076,0.12,0.8039999999999999
26870,0.10200000000000001,0.284,0.614
26871,0.086,0.38000000000000006,0.534
26872,0.062,0.304,0.634
26873,0.06200000000000001,0.20600000000000002,0.732
26874,0.092,0.088,0.8200000000000001
26875,0.086,0.192,0.7219999999999999
26876,0.092,0.42800000000000005,0.48
26877,0.072,0.12200000000000003,0.806
26878,0.096,0.188,0.716
26879,0.176,0.246,0.5780000000000001
26880,0.11000000000000001,0.252,0.638
26881,0.07,0.31,0.62
26882,0.096,0.21400000000000002,0.6900000000000001
26883,0.08800000000000001,0.266,0.646
26884,0.032,0.15000000000000002,0.818
26885,0.2,0.23199999999999998,0.568
26886,0.138,0.152,0.71
26887,0.21800000000000003,0.198,0.584
26888,0.26399999999999996,0.22399999999999998,0.512
26889,0.136,0.158,0.7060000000000001
26890,0.21800000000000003,0.312,0.47000000000000003
26891,0.21200000000000002,0.22599999999999998,0.5619999999999999
26892,0.11000000000000001,0.526,0.364
26893,0.10200000000000001,0.51,0.388
26894,0.30600000000000005,0.17200000000000001,0.522
26895,0.18800000000000003,0.14,0.6719999999999999
26896,0.174,0.098,0.728
26897,0.19,0.09,0.72
26898,0.5199999999999999,0.088,0.392
26899,0.14800000000000002,0.21600000000000003,0.636
26900,0.192,0.15400000000000003,0.6539999999999999
26901,0.194,0.22599999999999998,0.5799999999999998
26902,0.124,0.20600000000000002,0.67
26903,0.078,0.20999999999999996,0.712
26904,0.20400000000000001,0.166,0.6300000000000001
26905,0.088,0.16399999999999998,0.748
26906,0.10200000000000001,0.13399999999999998,0.764
26907,0.054000000000000006,0.616,0.33
26908,0.06,0.5359999999999999,0.404
26909,0.076,0.35,0.5740000000000001
26910,0.07999999999999999,0.276,0.644
26911,0.37,0.20800000000000002,0.422
26912,0.522,0.098,0.38
26913,0.098,0.14400000000000002,0.758
26914,0.138,0.18000000000000002,0.682
26915,0.25600000000000006,0.13199999999999998,0.6119999999999999
26916,0.192,0.118,0.69
26917,0.36,0.174,0.466
26918,0.09,0.196,0.7140000000000001
26919,0.092,0.202,0.706
26920,0.10200000000000001,0.126,0.772
26921,0.082,0.094,0.8240000000000001
26922,0.1,0.678,0.22199999999999998
26923,0.054000000000000006,0.542,0.404
26924,0.05800000000000001,0.374,0.568
26925,0.066,0.23600000000000004,0.698
26926,0.13599999999999998,0.13999999999999999,0.724
26927,0.16399999999999998,0.28200000000000003,0.554
26928,0.14400000000000002,0.142,0.714
26929,0.19399999999999998,0.164,0.642
26930,0.11200000000000002,0.174,0.7140000000000001
26931,0.092,0.248,0.6599999999999999
26932,0.12200000000000003,0.356,0.522
26933,0.094,0.23399999999999999,0.6719999999999999
26934,0.46399999999999997,0.124,0.41200000000000003
26935,0.098,0.248,0.654
26936,0.044000000000000004,0.12199999999999997,0.834
26937,0.13999999999999999,0.16,0.7
26938,0.11200000000000002,0.18,0.708
26939,0.136,0.12600000000000003,0.738
26940,0.096,0.12600000000000003,0.778
26941,0.16599999999999998,0.29200000000000004,0.542
26942,0.136,0.28200000000000003,0.5820000000000001
26943,0.10800000000000001,0.292,0.6
26944,0.08800000000000001,0.35400000000000004,0.558
26945,0.04,0.21800000000000003,0.742
26946,0.074,0.20400000000000001,0.7220000000000001
26947,0.078,0.096,0.826
26948,0.068,0.10200000000000001,0.8300000000000001
26949,0.038,0.13399999999999998,0.8280000000000001
26950,0.052000000000000005,0.146,0.8019999999999999
26951,0.07400000000000001,0.258,0.6679999999999999
26952,0.146,0.352,0.502
26953,0.072,0.276,0.6519999999999999
26954,0.07,0.1,0.8299999999999998
26955,0.088,0.31600000000000006,0.596
26956,0.036000000000000004,0.21200000000000002,0.752
26957,0.04800000000000001,0.2,0.752
26958,0.08800000000000001,0.182,0.7299999999999999
26959,0.08399999999999999,0.13,0.786
26960,0.316,0.264,0.42000000000000004
26961,0.09200000000000001,0.276,0.6319999999999999
26962,0.06,0.20800000000000002,0.732
26963,0.244,0.122,0.6340000000000001
26964,0.23399999999999999,0.11600000000000002,0.65
26965,0.10200000000000001,0.254,0.644
26966,0.098,0.522,0.38
26967,0.03,0.17800000000000002,0.792
26968,0.05600000000000001,0.198,0.746
26969,0.05,0.09,0.86
26970,0.08,0.38,0.54
26971,0.05600000000000001,0.23399999999999999,0.71
26972,0.11800000000000002,0.308,0.5740000000000001
26973,0.04,0.588,0.372
26974,0.076,0.21800000000000003,0.7060000000000001
26975,0.066,0.21399999999999997,0.72
26976,0.33999999999999997,0.198,0.462
26977,0.316,0.18800000000000003,0.496
26978,0.074,0.16599999999999998,0.76
26979,0.11200000000000002,0.176,0.712
26980,0.098,0.17800000000000002,0.7239999999999999
26981,0.05,0.10200000000000001,0.8480000000000001
26982,0.11199999999999999,0.20999999999999996,0.6779999999999999
26983,0.098,0.21800000000000003,0.6839999999999999
26984,0.15200000000000002,0.202,0.646
26985,0.128,0.238,0.634
26986,0.022000000000000002,0.27399999999999997,0.704
26987,0.08,0.5720000000000001,0.348
26988,0.022000000000000002,0.546,0.43200000000000005
26989,0.266,0.136,0.5980000000000001
26990,0.418,0.128,0.454
26991,0.32999999999999996,0.13,0.54
26992,0.22599999999999998,0.11200000000000002,0.6619999999999999
26993,0.072,0.596,0.33199999999999996
26994,0.054000000000000006,0.536,0.41
26995,0.09000000000000001,0.536,0.374
26996,0.076,0.5940000000000001,0.33
26997,0.082,0.562,0.356
26998,0.172,0.176,0.652
26999,0.122,0.22800000000000004,0.65
27000,0.05600000000000001,0.246,0.698
27001,0.144,0.338,0.518
27002,0.134,0.178,0.688
27003,0.11200000000000002,0.34199999999999997,0.5459999999999999
27004,0.05600000000000001,0.252,0.692
27005,0.062,0.236,0.702
27006,0.03,0.254,0.716
27007,0.044,0.22800000000000004,0.728
27008,0.08,0.21200000000000002,0.7080000000000001
27009,0.084,0.126,0.7899999999999999
27010,0.11200000000000002,0.378,0.51
27011,0.094,0.33599999999999997,0.5700000000000001
27012,0.13799999999999998,0.5319999999999999,0.33
27013,0.132,0.484,0.384
27014,0.10400000000000001,0.53,0.366
27015,0.128,0.20400000000000001,0.6679999999999999
27016,0.11599999999999999,0.21800000000000003,0.666
27017,0.11400000000000002,0.174,0.712
27018,0.286,0.10600000000000001,0.608
27019,0.22800000000000004,0.13999999999999999,0.6319999999999999
27020,0.144,0.086,0.7699999999999999
27021,0.074,0.11000000000000001,0.8160000000000001
27022,0.092,0.176,0.732
27023,0.096,0.2,0.7040000000000001
27024,0.094,0.16,0.7460000000000001
27025,0.094,0.16,0.746
27026,0.072,0.154,0.774
27027,0.078,0.27199999999999996,0.65
27028,0.062,0.22399999999999998,0.7139999999999999
27029,0.06799999999999999,0.2,0.732
27030,0.14,0.14200000000000002,0.718
27031,0.14,0.22000000000000003,0.6399999999999999
27032,0.12,0.45,0.43
27033,0.088,0.528,0.384
27034,0.064,0.2,0.736
27035,0.08,0.15,0.7699999999999999
27036,0.128,0.276,0.5959999999999999
27037,0.06799999999999999,0.26,0.6719999999999999
27038,0.19,0.242,0.5680000000000001
27039,0.07,0.186,0.744
27040,0.05600000000000001,0.14,0.8039999999999999
27041,0.054000000000000006,0.16399999999999998,0.782
27042,0.052000000000000005,0.14400000000000002,0.8039999999999999
27043,0.044000000000000004,0.20999999999999996,0.7460000000000001
27044,0.05,0.19999999999999998,0.7500000000000001
27045,0.098,0.21000000000000002,0.692
27046,0.10999999999999999,0.37,0.5200000000000001
27047,0.094,0.426,0.48
27048,0.10800000000000001,0.156,0.736
27049,0.05600000000000001,0.162,0.782
27050,0.05600000000000001,0.15,0.7939999999999999
27051,0.076,0.11399999999999999,0.8099999999999999
27052,0.10599999999999998,0.28600000000000003,0.608
27053,0.11599999999999999,0.18400000000000002,0.7
27054,0.066,0.082,0.852
27055,0.10800000000000001,0.05600000000000001,0.836
27056,0.07200000000000001,0.082,0.8460000000000001
27057,0.14799999999999996,0.05800000000000001,0.7939999999999999
27058,0.368,0.184,0.44800000000000006
27059,0.46799999999999997,0.052000000000000005,0.48
27060,0.10400000000000001,0.092,0.8039999999999999
27061,0.11600000000000002,0.376,0.508
27062,0.05800000000000001,0.15,0.7919999999999999
27063,0.06999999999999999,0.126,0.804
27064,0.196,0.22999999999999998,0.5740000000000001
27065,0.12000000000000002,0.258,0.622
27066,0.11400000000000002,0.342,0.544
27067,0.064,0.31,0.626
27068,0.10400000000000001,0.23399999999999999,0.662
27069,0.20400000000000001,0.21200000000000002,0.584
27070,0.142,0.388,0.47000000000000003
27071,0.10400000000000001,0.144,0.7520000000000001
27072,0.118,0.296,0.586
27073,0.074,0.21600000000000003,0.71
27074,0.048,0.164,0.788
27075,0.078,0.26799999999999996,0.654
27076,0.126,0.184,0.6900000000000001
27077,0.248,0.192,0.56
27078,0.186,0.13999999999999999,0.6739999999999999
27079,0.148,0.138,0.714
27080,0.076,0.43,0.49400000000000005
27081,0.118,0.134,0.748
27082,0.25,0.126,0.6239999999999999
27083,0.144,0.17400000000000002,0.682
27084,0.098,0.304,0.598
27085,0.11800000000000002,0.45999999999999996,0.42200000000000004
27086,0.182,0.07200000000000001,0.7459999999999999
27087,0.06,0.306,0.634
27088,0.098,0.20600000000000002,0.696
27089,0.6039999999999999,0.07200000000000001,0.32399999999999995
27090,0.55,0.092,0.358
27091,0.086,0.22800000000000004,0.686
27092,0.062,0.21000000000000002,0.728
27093,0.16799999999999998,0.318,0.5139999999999999
27094,0.168,0.272,0.5599999999999999
27095,0.098,0.636,0.26599999999999996
27096,0.076,0.6439999999999999,0.27999999999999997
27097,0.10799999999999998,0.088,0.8039999999999999
27098,0.092,0.152,0.756
27099,0.094,0.184,0.7220000000000001
27100,0.094,0.174,0.732
27101,0.07799999999999999,0.252,0.6700000000000002
27102,0.084,0.278,0.638
27103,0.041999999999999996,0.308,0.65
27104,0.04,0.18800000000000003,0.772
27105,0.026000000000000002,0.236,0.7380000000000001
27106,0.054000000000000006,0.366,0.5800000000000001
27107,0.057999999999999996,0.4640000000000001,0.47800000000000004
27108,0.032,0.36,0.608
27109,0.05,0.272,0.6779999999999999
27110,0.052000000000000005,0.23399999999999999,0.7140000000000001
27111,0.09799999999999999,0.22799999999999998,0.6739999999999999
27112,0.096,0.23399999999999999,0.67
27113,0.15199999999999997,0.27199999999999996,0.576
27114,0.194,0.278,0.5279999999999999
27115,0.21800000000000003,0.144,0.638
27116,0.06599999999999999,0.396,0.538
27117,0.062,0.33999999999999997,0.5980000000000001
27118,0.19,0.31799999999999995,0.492
27119,0.07,0.23600000000000004,0.694
27120,0.15,0.10399999999999998,0.7459999999999999
27121,0.10400000000000001,0.038,0.858
27122,0.078,0.046,0.876
27123,0.08600000000000001,0.05800000000000001,0.8559999999999999
27124,0.11000000000000001,0.05,0.8400000000000001
27125,0.06799999999999999,0.10800000000000001,0.8239999999999998
27126,0.146,0.132,0.7220000000000001
27127,0.066,0.20800000000000002,0.7260000000000001
27128,0.12000000000000002,0.13399999999999998,0.7460000000000001
27129,0.096,0.184,0.72
27130,0.07,0.22800000000000004,0.702
27131,0.074,0.16999999999999998,0.756
27132,0.072,0.128,0.8
27133,0.05,0.126,0.8240000000000001
27134,0.026000000000000002,0.1,0.874
27135,0.5199999999999999,0.072,0.40800000000000003
27136,0.12000000000000002,0.11599999999999999,0.764
27137,0.05800000000000001,0.11400000000000002,0.8280000000000001
27138,0.05800000000000001,0.12,0.8219999999999998
27139,0.08399999999999999,0.31,0.606
27140,0.098,0.352,0.55
27141,0.028000000000000004,0.562,0.41
27142,0.072,0.28200000000000003,0.6459999999999999
27143,0.10200000000000001,0.22999999999999998,0.6679999999999999
27144,0.06799999999999999,0.148,0.784
27145,0.086,0.12,0.7939999999999999
27146,0.152,0.186,0.662
27147,0.07799999999999999,0.248,0.674
27148,0.072,0.196,0.732
27149,0.10400000000000001,0.10400000000000001,0.792
27150,0.202,0.20400000000000001,0.594
27151,0.324,0.1,0.576
27152,0.12,0.162,0.7180000000000001
27153,0.054000000000000006,0.5399999999999999,0.406
27154,0.046,0.5959999999999999,0.358
27155,0.07799999999999999,0.34400000000000003,0.5780000000000001
27156,0.042,0.124,0.834
27157,0.136,0.196,0.6679999999999999
27158,0.126,0.22000000000000003,0.654
27159,0.094,0.1,0.806
27160,0.10600000000000001,0.094,0.8
27161,0.10999999999999999,0.148,0.7420000000000002
27162,0.04,0.502,0.458
27163,0.042,0.152,0.806
27164,0.06999999999999999,0.242,0.6880000000000001
27165,0.084,0.188,0.728
27166,0.06000000000000001,0.288,0.6519999999999999
27167,0.11400000000000002,0.10200000000000001,0.784
27168,0.030000000000000006,0.19,0.78
27169,0.038,0.13999999999999999,0.8220000000000001
27170,0.048,0.122,0.8300000000000001
27171,0.054000000000000006,0.16399999999999998,0.782
27172,0.064,0.17200000000000001,0.764
27173,0.07,0.496,0.434
27174,0.162,0.23399999999999999,0.604
27175,0.11200000000000002,0.184,0.704
27176,0.08399999999999999,0.5860000000000001,0.33
27177,0.07200000000000001,0.346,0.5820000000000001
27178,0.028000000000000004,0.558,0.414
27179,0.024,0.23399999999999999,0.742
27180,0.10400000000000001,0.074,0.8219999999999998
27181,0.258,0.194,0.5479999999999999
27182,0.198,0.164,0.638
27183,0.32399999999999995,0.12000000000000002,0.556
27184,0.092,0.118,0.79
27185,0.146,0.43199999999999994,0.42200000000000004
27186,0.128,0.49400000000000005,0.378
27187,0.11200000000000002,0.476,0.41200000000000003
27188,0.084,0.36999999999999994,0.546
27189,0.122,0.138,0.74
27190,0.082,0.23399999999999999,0.6839999999999999
27191,0.057999999999999996,0.202,0.74
27192,0.028000000000000004,0.148,0.8240000000000001
27193,0.088,0.306,0.606
27194,0.038,0.15,0.8119999999999999
27195,0.096,0.068,0.836
27196,0.13799999999999998,0.162,0.7
27197,0.134,0.136,0.7300000000000001
27198,0.052000000000000005,0.10999999999999999,0.8380000000000001
27199,0.082,0.392,0.526
27200,0.07800000000000001,0.15999999999999998,0.7619999999999999
27201,0.038,0.404,0.558
27202,0.158,0.19,0.6519999999999999
27203,0.027999999999999997,0.16,0.812
27204,0.118,0.19,0.692
27205,0.10600000000000001,0.21000000000000002,0.6839999999999999
27206,0.11599999999999999,0.172,0.7120000000000001
27207,0.06999999999999999,0.094,0.836
27208,0.084,0.242,0.674
27209,0.078,0.40800000000000003,0.5139999999999999
27210,0.074,0.25,0.6759999999999999
27211,0.148,0.274,0.5780000000000001
27212,0.14,0.29600000000000004,0.5640000000000001
27213,0.126,0.132,0.7420000000000001
27214,0.154,0.10800000000000001,0.7379999999999999
27215,0.09,0.10200000000000001,0.808
27216,0.08600000000000001,0.22999999999999998,0.6839999999999999
27217,0.11000000000000001,0.05,0.8400000000000001
27218,0.258,0.22199999999999998,0.52
27219,0.254,0.154,0.5919999999999999
27220,0.036,0.11600000000000002,0.8480000000000001
27221,0.05600000000000001,0.124,0.82
27222,0.132,0.08199999999999999,0.7859999999999999
27223,0.10200000000000001,0.14200000000000002,0.756
27224,0.07799999999999999,0.45600000000000007,0.466
27225,0.10400000000000001,0.388,0.508
27226,0.08600000000000001,0.41000000000000003,0.5040000000000001
27227,0.254,0.29800000000000004,0.44800000000000006
27228,0.284,0.374,0.342
27229,0.17600000000000002,0.278,0.546
27230,0.11400000000000002,0.12000000000000002,0.766
27231,0.10400000000000001,0.12,0.776
27232,0.10600000000000001,0.076,0.818
27233,0.068,0.03599999999999999,0.8960000000000001
27234,0.094,0.036,0.8699999999999999
27235,0.176,0.22800000000000004,0.5960000000000001
27236,0.154,0.21399999999999997,0.632
27237,0.078,0.252,0.6700000000000002
27238,0.11800000000000002,0.11200000000000002,0.7699999999999999
27239,0.07999999999999999,0.132,0.788
27240,0.09,0.126,0.784
27241,0.08800000000000001,0.21800000000000003,0.694
27242,0.072,0.18400000000000002,0.744
27243,0.096,0.358,0.546
27244,0.14200000000000002,0.2,0.6579999999999999
27245,0.134,0.268,0.598
27246,0.10400000000000001,0.27599999999999997,0.6199999999999999
27247,0.057999999999999996,0.21200000000000002,0.7299999999999999
27248,0.05,0.19599999999999998,0.7540000000000001
27249,0.06799999999999999,0.11399999999999999,0.818
27250,0.11600000000000002,0.21399999999999997,0.67
27251,0.09,0.158,0.7519999999999999
27252,0.054000000000000006,0.17,0.776
27253,0.14400000000000002,0.24000000000000005,0.616
27254,0.074,0.10600000000000001,0.8200000000000001
27255,0.07200000000000001,0.34199999999999997,0.5860000000000001
27256,0.048,0.14400000000000002,0.808
27257,0.168,0.08,0.752
27258,0.054000000000000006,0.174,0.772
27259,0.34400000000000003,0.10400000000000001,0.5519999999999999
27260,0.21200000000000002,0.057999999999999996,0.7300000000000001
27261,0.4779999999999999,0.118,0.404
27262,0.10599999999999998,0.084,0.8099999999999999
27263,0.09,0.072,0.8379999999999999
27264,0.142,0.21599999999999997,0.642
27265,0.033999999999999996,0.118,0.8480000000000001
27266,0.068,0.36,0.5720000000000001
27267,0.05,0.314,0.636
27268,0.046,0.40199999999999997,0.5519999999999999
27269,0.041999999999999996,0.558,0.4
27270,0.052000000000000005,0.36,0.588
27271,0.4640000000000001,0.14600000000000002,0.39
27272,0.526,0.128,0.34600000000000003
27273,0.49000000000000005,0.146,0.36400000000000005
27274,0.068,0.346,0.5860000000000001
27275,0.094,0.21200000000000002,0.6940000000000001
27276,0.138,0.182,0.68
27277,0.21599999999999997,0.118,0.666
27278,0.16599999999999998,0.128,0.7060000000000001
27279,0.11400000000000002,0.10400000000000001,0.782
27280,0.07,0.22400000000000003,0.7060000000000001
27281,0.042,0.11600000000000002,0.842
27282,0.07600000000000001,0.396,0.528
27283,0.06999999999999999,0.36400000000000005,0.5660000000000001
27284,0.12,0.242,0.638
27285,0.11400000000000002,0.176,0.7099999999999999
27286,0.42200000000000004,0.15000000000000002,0.42800000000000005
27287,0.28400000000000003,0.304,0.41200000000000003
27288,0.366,0.258,0.376
27289,0.06000000000000001,0.152,0.7879999999999999
27290,0.04,0.07,0.89
27291,0.048,0.07999999999999999,0.8720000000000001
27292,0.036,0.11599999999999999,0.8480000000000001
27293,0.26,0.246,0.49399999999999994
27294,0.23199999999999998,0.21599999999999997,0.5519999999999999
27295,0.154,0.14600000000000002,0.7
27296,0.138,0.182,0.6799999999999999
27297,0.14200000000000002,0.20600000000000002,0.6519999999999999
27298,0.152,0.20400000000000001,0.6439999999999999
27299,0.11199999999999999,0.45199999999999996,0.43599999999999994
27300,0.1,0.33,0.5700000000000001
27301,0.11000000000000001,0.148,0.742
27302,0.028000000000000004,0.08199999999999999,0.89
27303,0.061999999999999986,0.1,0.8380000000000001
27304,0.08,0.124,0.7959999999999999
27305,0.046,0.10600000000000001,0.8480000000000001
27306,0.16399999999999998,0.122,0.714
27307,0.182,0.156,0.662
27308,0.08800000000000001,0.096,0.8160000000000001
27309,0.092,0.18,0.728
27310,0.06999999999999999,0.07999999999999999,0.85
27311,0.10600000000000001,0.11000000000000001,0.784
27312,0.152,0.162,0.686
27313,0.11399999999999999,0.126,0.76
27314,0.13,0.146,0.724
27315,0.184,0.188,0.628
27316,0.06999999999999999,0.27199999999999996,0.6579999999999999
27317,0.036,0.11800000000000002,0.8460000000000001
27318,0.048,0.03200000000000001,0.9199999999999999
27319,0.43,0.19,0.38
27320,0.033999999999999996,0.146,0.82
27321,0.08,0.13799999999999998,0.782
27322,0.13,0.22399999999999998,0.646
27323,0.43200000000000005,0.15999999999999998,0.40800000000000003
27324,0.06000000000000001,0.166,0.774
27325,0.10800000000000001,0.352,0.54
27326,0.07,0.5399999999999999,0.39
27327,0.11000000000000001,0.324,0.5660000000000001
27328,0.10400000000000001,0.16399999999999998,0.732
27329,0.05800000000000001,0.12200000000000003,0.82
27330,0.082,0.11199999999999999,0.806
27331,0.094,0.326,0.58
27332,0.08800000000000001,0.29400000000000004,0.6180000000000001
27333,0.057999999999999996,0.098,0.844
27334,0.10600000000000001,0.27599999999999997,0.618
27335,0.078,0.354,0.568
27336,0.07600000000000001,0.182,0.742
27337,0.076,0.202,0.7220000000000001
27338,0.044000000000000004,0.26399999999999996,0.692
27339,0.054000000000000006,0.6799999999999999,0.266
27340,0.16599999999999998,0.15999999999999998,0.674
27341,0.16999999999999998,0.088,0.7419999999999999
27342,0.152,0.124,0.724
27343,0.082,0.142,0.776
27344,0.082,0.274,0.6439999999999999
27345,0.02,0.15399999999999997,0.826
27346,0.11400000000000002,0.154,0.732
27347,0.11199999999999999,0.268,0.62
27348,0.06000000000000001,0.42000000000000004,0.52
27349,0.11199999999999999,0.522,0.366
27350,0.10200000000000001,0.48200000000000004,0.41600000000000004
27351,0.088,0.088,0.8240000000000001
27352,0.09,0.46399999999999997,0.446
27353,0.196,0.34400000000000003,0.45999999999999996
27354,0.142,0.35000000000000003,0.508
27355,0.08399999999999999,0.092,0.8239999999999998
27356,0.11399999999999999,0.202,0.6839999999999999
27357,0.124,0.26999999999999996,0.6060000000000001
27358,0.039999999999999994,0.172,0.7879999999999999
27359,0.066,0.194,0.74
27360,0.15199999999999997,0.054000000000000006,0.794
27361,0.148,0.172,0.68
27362,0.11399999999999999,0.132,0.7540000000000001
27363,0.074,0.146,0.78
27364,0.09000000000000001,0.246,0.664
27365,0.4960000000000001,0.136,0.368
27366,0.07800000000000001,0.176,0.746
27367,0.066,0.13999999999999999,0.7939999999999999
27368,0.134,0.164,0.702
27369,0.062,0.16599999999999998,0.772
27370,0.04,0.20600000000000002,0.7539999999999999
27371,0.22599999999999998,0.27799999999999997,0.496
27372,0.136,0.156,0.708
27373,0.202,0.10400000000000001,0.694
27374,0.176,0.10600000000000001,0.718
27375,0.064,0.118,0.818
27376,0.07200000000000001,0.08800000000000001,0.8400000000000001
27377,0.07,0.1,0.8300000000000001
27378,0.16,0.11200000000000002,0.728
27379,0.28400000000000003,0.14,0.576
27380,0.05600000000000001,0.248,0.696
27381,0.202,0.05600000000000001,0.742
27382,0.12000000000000002,0.09,0.79
27383,0.07400000000000001,0.13,0.796
27384,0.10200000000000001,0.08,0.818
27385,0.092,0.258,0.65
27386,0.21600000000000003,0.16199999999999998,0.622
27387,0.042,0.49399999999999994,0.46399999999999997
27388,0.034,0.036,0.9299999999999999
27389,0.06999999999999999,0.118,0.812
27390,0.10600000000000001,0.128,0.766
27391,0.17,0.07,0.76
27392,0.098,0.092,0.8099999999999999
27393,0.1,0.22200000000000003,0.6779999999999999
27394,0.128,0.12200000000000003,0.7500000000000001
27395,0.10200000000000001,0.148,0.75
27396,0.09,0.128,0.782
27397,0.538,0.15,0.312
27398,0.21400000000000002,0.156,0.63
27399,0.11000000000000001,0.332,0.558
27400,0.13,0.378,0.492
27401,0.11400000000000002,0.4,0.48599999999999993
27402,0.124,0.258,0.618
27403,0.096,0.29000000000000004,0.6140000000000001
27404,0.08199999999999999,0.276,0.642
27405,0.064,0.4640000000000001,0.472
27406,0.09,0.28200000000000003,0.628
27407,0.092,0.166,0.742
27408,0.055999999999999994,0.44800000000000006,0.4960000000000001
27409,0.092,0.6140000000000001,0.29400000000000004
27410,0.046,0.26799999999999996,0.686
27411,0.05800000000000001,0.362,0.58
27412,0.14200000000000002,0.266,0.592
27413,0.096,0.25,0.654
27414,0.09599999999999999,0.10999999999999999,0.7939999999999999
27415,0.12000000000000002,0.092,0.788
27416,0.04,0.2,0.76
27417,0.052000000000000005,0.512,0.43599999999999994
27418,0.048,0.20400000000000001,0.748
27419,0.182,0.096,0.722
27420,0.054000000000000006,0.062,0.884
27421,0.11000000000000001,0.406,0.484
27422,0.138,0.23399999999999999,0.6279999999999999
27423,0.174,0.194,0.632
27424,0.1,0.31799999999999995,0.5820000000000001
27425,0.32399999999999995,0.066,0.61
27426,0.05,0.188,0.762
27427,0.074,0.21600000000000003,0.71
27428,0.048,0.198,0.754
27429,0.05800000000000001,0.16199999999999998,0.78
27430,0.068,0.466,0.466
27431,0.126,0.6539999999999999,0.22000000000000003
27432,0.044,0.186,0.7700000000000001
27433,0.11400000000000002,0.17200000000000001,0.714
27434,0.09000000000000001,0.244,0.666
27435,0.05800000000000001,0.23200000000000004,0.71
27436,0.041999999999999996,0.168,0.79
27437,0.078,0.262,0.66
27438,0.062,0.148,0.7899999999999998
27439,0.294,0.08800000000000001,0.618
27440,0.078,0.2,0.722
27441,0.06,0.194,0.746
27442,0.022,0.33599999999999997,0.642
27443,0.124,0.362,0.514
27444,0.11000000000000001,0.42400000000000004,0.466
27445,0.21600000000000003,0.284,0.5
